thermal_cycle:
  T_min_C: 25.0
  T_max_C: 770.3023626663944
  heating_time_s: 300.0
  cooling_time_s: 300.0
  hold_time_s: 801.4357967569531
  n_cycles: 10
