thermal_cycle:
  T_min_C: 25.0
  T_max_C: 680.5089968193153
  heating_time_s: 300.0
  cooling_time_s: 300.0
  hold_time_s: 342.56354749241694
  n_cycles: 10
