thermal_cycle:
  T_min_C: 25.0
  T_max_C: 993.5366763058678
  heating_time_s: 300.0
  cooling_time_s: 300.0
  hold_time_s: 604.1752534688331
  n_cycles: 10
