materials:
  TGO_Al2O3:
    E_GPa: 371.940450414962
    alpha_1K: 9.187063873561873e-06
    k_WmK: 6.0
    nu: 0.25
  YSZ:
    E_GPa: 231.54807224578627
    alpha_1K: 8.004039288214978e-06
    k_WmK: 2.0
    nu: 0.23
  bondcoat:
    E_GPa: 152.15538130833247
    alpha_1K: 1.2191141385199337e-05
    k_WmK: 15.0
    nu: 0.3
  substrate:
    E_GPa: 163.90045316086565
    alpha_1K: 1.553324608476187e-05
    k_WmK: 20.0
    nu: 0.3
