materials:
  TGO_Al2O3:
    E_GPa: 312.6043897057451
    alpha_1K: 8.308158403614143e-06
    k_WmK: 6.0
    nu: 0.25
  YSZ:
    E_GPa: 228.8769118078826
    alpha_1K: 8.32384083378027e-06
    k_WmK: 2.0
    nu: 0.23
  bondcoat:
    E_GPa: 187.93144441701207
    alpha_1K: 1.6466400475102232e-05
    k_WmK: 15.0
    nu: 0.3
  substrate:
    E_GPa: 231.7326022411435
    alpha_1K: 1.4466016227321416e-05
    k_WmK: 20.0
    nu: 0.3
