materials:
  TGO_Al2O3:
    E_GPa: 384.14195322401895
    alpha_1K: 6.480612148491734e-06
    k_WmK: 6.0
    nu: 0.25
  YSZ:
    E_GPa: 161.4350479069897
    alpha_1K: 9.565353996456145e-06
    k_WmK: 2.0
    nu: 0.23
  bondcoat:
    E_GPa: 169.6705208028579
    alpha_1K: 1.5311840134637538e-05
    k_WmK: 15.0
    nu: 0.3
  substrate:
    E_GPa: 206.91085744796825
    alpha_1K: 1.2119937135737562e-05
    k_WmK: 20.0
    nu: 0.3
