materials:
  TGO_Al2O3:
    E_GPa: 404.7933389924477
    alpha_1K: 6.7776499349795565e-06
    k_WmK: 6.0
    nu: 0.25
  YSZ:
    E_GPa: 194.79300291463116
    alpha_1K: 1.0705993904723473e-05
    k_WmK: 2.0
    nu: 0.23
  bondcoat:
    E_GPa: 147.27199012396542
    alpha_1K: 1.3065560157946555e-05
    k_WmK: 15.0
    nu: 0.3
  substrate:
    E_GPa: 170.77414130257065
    alpha_1K: 1.4064789735656412e-05
    k_WmK: 20.0
    nu: 0.3
