materials:
  TGO_Al2O3:
    E_GPa: 389.566109315714
    alpha_1K: 7.019304264627473e-06
    k_WmK: 6.0
    nu: 0.25
  YSZ:
    E_GPa: 224.0027158638736
    alpha_1K: 1.1802924471121916e-05
    k_WmK: 2.0
    nu: 0.23
  bondcoat:
    E_GPa: 209.80559694734862
    alpha_1K: 1.562887921276736e-05
    k_WmK: 15.0
    nu: 0.3
  substrate:
    E_GPa: 219.08626240069034
    alpha_1K: 1.1822565657182025e-05
    k_WmK: 20.0
    nu: 0.3
