thermal_cycle:
  T_min_C: 25.0
  T_max_C: 704.6092952674668
  heating_time_s: 300.0
  cooling_time_s: 300.0
  hold_time_s: 618.9799131488478
  n_cycles: 10
