materials:
  TGO_Al2O3:
    E_GPa: 280.0008697722939
    alpha_1K: 9.063535722021235e-06
    k_WmK: 6.0
    nu: 0.25
  YSZ:
    E_GPa: 213.57541901669902
    alpha_1K: 1.0472628720025553e-05
    k_WmK: 2.0
    nu: 0.23
  bondcoat:
    E_GPa: 145.6098588135378
    alpha_1K: 1.2353042035165674e-05
    k_WmK: 15.0
    nu: 0.3
  substrate:
    E_GPa: 187.79121057133972
    alpha_1K: 1.103428040327374e-05
    k_WmK: 20.0
    nu: 0.3
