materials:
  TGO_Al2O3:
    E_GPa: 338.4117539265782
    alpha_1K: 9.36196847625224e-06
    k_WmK: 6.0
    nu: 0.25
  YSZ:
    E_GPa: 180.58789809810455
    alpha_1K: 1.0348352222909088e-05
    k_WmK: 2.0
    nu: 0.23
  bondcoat:
    E_GPa: 160.70279283288323
    alpha_1K: 1.3135859192467982e-05
    k_WmK: 15.0
    nu: 0.3
  substrate:
    E_GPa: 192.18947143672503
    alpha_1K: 1.3304971346694764e-05
    k_WmK: 20.0
    nu: 0.3
