thermal_cycle:
  T_min_C: 25.0
  T_max_C: 887.8242613807383
  heating_time_s: 300.0
  cooling_time_s: 300.0
  hold_time_s: 694.3418284622852
  n_cycles: 10
