materials:
  TGO_Al2O3:
    E_GPa: 379.92487614447265
    alpha_1K: 6.558829194966748e-06
    k_WmK: 6.0
    nu: 0.25
  YSZ:
    E_GPa: 237.71088973109661
    alpha_1K: 1.1902939300421493e-05
    k_WmK: 2.0
    nu: 0.23
  bondcoat:
    E_GPa: 200.21615699697756
    alpha_1K: 1.424584701667125e-05
    k_WmK: 15.0
    nu: 0.3
  substrate:
    E_GPa: 227.9477955765128
    alpha_1K: 1.160076323408141e-05
    k_WmK: 20.0
    nu: 0.3
