materials:
  TGO_Al2O3:
    E_GPa: 356.78237651851373
    alpha_1K: 7.802533953278547e-06
    k_WmK: 6.0
    nu: 0.25
  YSZ:
    E_GPa: 204.4390097339944
    alpha_1K: 9.765832680609389e-06
    k_WmK: 2.0
    nu: 0.23
  bondcoat:
    E_GPa: 203.82439711057233
    alpha_1K: 1.667708224779876e-05
    k_WmK: 15.0
    nu: 0.3
  substrate:
    E_GPa: 195.4284061444704
    alpha_1K: 1.4986229285805056e-05
    k_WmK: 20.0
    nu: 0.3
