materials:
  TGO_Al2O3:
    E_GPa: 341.41497502020616
    alpha_1K: 8.186781166610041e-06
    k_WmK: 6.0
    nu: 0.25
  YSZ:
    E_GPa: 171.6854878449596
    alpha_1K: 1.1661605842939971e-05
    k_WmK: 2.0
    nu: 0.23
  bondcoat:
    E_GPa: 204.88482278316303
    alpha_1K: 1.3694881891599999e-05
    k_WmK: 15.0
    nu: 0.3
  substrate:
    E_GPa: 179.3177302892592
    alpha_1K: 1.4326462764834554e-05
    k_WmK: 20.0
    nu: 0.3
