materials:
  TGO_Al2O3:
    E_GPa: 317.76754066284184
    alpha_1K: 8.860565636849e-06
    k_WmK: 6.0
    nu: 0.25
  YSZ:
    E_GPa: 202.47649862419706
    alpha_1K: 1.063328574731879e-05
    k_WmK: 2.0
    nu: 0.23
  bondcoat:
    E_GPa: 154.9820105546874
    alpha_1K: 1.1531776470729348e-05
    k_WmK: 15.0
    nu: 0.3
  substrate:
    E_GPa: 185.9605201400716
    alpha_1K: 1.0575984163280017e-05
    k_WmK: 20.0
    nu: 0.3
