thermal_cycle:
  T_min_C: 25.0
  T_max_C: 798.0836249506764
  heating_time_s: 300.0
  cooling_time_s: 300.0
  hold_time_s: 1182.6696566208702
  n_cycles: 10
