thermal_cycle:
  T_min_C: 25.0
  T_max_C: 945.6060399024353
  heating_time_s: 300.0
  cooling_time_s: 300.0
  hold_time_s: 905.6003667084451
  n_cycles: 10
