materials:
  TGO_Al2O3:
    E_GPa: 398.2668681352357
    alpha_1K: 8.52739239373408e-06
    k_WmK: 6.0
    nu: 0.25
  YSZ:
    E_GPa: 222.6939980632398
    alpha_1K: 9.057477246614903e-06
    k_WmK: 2.0
    nu: 0.23
  bondcoat:
    E_GPa: 195.20253484798613
    alpha_1K: 1.6231161219246504e-05
    k_WmK: 15.0
    nu: 0.3
  substrate:
    E_GPa: 199.24221181619666
    alpha_1K: 1.3361996702499266e-05
    k_WmK: 20.0
    nu: 0.3
