materials:
  TGO_Al2O3:
    E_GPa: 316.23131975161266
    alpha_1K: 8.541785412825192e-06
    k_WmK: 6.0
    nu: 0.25
  YSZ:
    E_GPa: 190.19674706312676
    alpha_1K: 1.1291767899799026e-05
    k_WmK: 2.0
    nu: 0.23
  bondcoat:
    E_GPa: 215.72490917284387
    alpha_1K: 1.5953720874348744e-05
    k_WmK: 15.0
    nu: 0.3
  substrate:
    E_GPa: 167.42263326689354
    alpha_1K: 1.1139304129580182e-05
    k_WmK: 20.0
    nu: 0.3
