materials:
  TGO_Al2O3:
    E_GPa: 416.433268465815
    alpha_1K: 9.095915713096215e-06
    k_WmK: 6.0
    nu: 0.25
  YSZ:
    E_GPa: 232.89736504041213
    alpha_1K: 8.514479656207914e-06
    k_WmK: 2.0
    nu: 0.23
  bondcoat:
    E_GPa: 167.76158341780874
    alpha_1K: 1.48286863195083e-05
    k_WmK: 15.0
    nu: 0.3
  substrate:
    E_GPa: 236.95118256172907
    alpha_1K: 1.0807190105422725e-05
    k_WmK: 20.0
    nu: 0.3
