materials:
  TGO_Al2O3:
    E_GPa: 347.07421502383653
    alpha_1K: 7.897570838914904e-06
    k_WmK: 6.0
    nu: 0.25
  YSZ:
    E_GPa: 206.8522688513684
    alpha_1K: 9.101573469612058e-06
    k_WmK: 2.0
    nu: 0.23
  bondcoat:
    E_GPa: 194.2034371818866
    alpha_1K: 1.510437511810745e-05
    k_WmK: 15.0
    nu: 0.3
  substrate:
    E_GPa: 183.80868617079457
    alpha_1K: 1.3734867216024272e-05
    k_WmK: 20.0
    nu: 0.3
