materials:
  TGO_Al2O3:
    E_GPa: 302.60095114701613
    alpha_1K: 9.431728091896224e-06
    k_WmK: 6.0
    nu: 0.25
  YSZ:
    E_GPa: 166.2754094578546
    alpha_1K: 9.291746455144247e-06
    k_WmK: 2.0
    nu: 0.23
  bondcoat:
    E_GPa: 172.66917654754002
    alpha_1K: 1.125027846584493e-05
    k_WmK: 15.0
    nu: 0.3
  substrate:
    E_GPa: 239.30626357014106
    alpha_1K: 1.4872810010503156e-05
    k_WmK: 20.0
    nu: 0.3
