materials:
  TGO_Al2O3:
    E_GPa: 285.5864639484147
    alpha_1K: 7.598159541767588e-06
    k_WmK: 6.0
    nu: 0.25
  YSZ:
    E_GPa: 181.88978136157442
    alpha_1K: 1.115725655312127e-05
    k_WmK: 2.0
    nu: 0.23
  bondcoat:
    E_GPa: 157.84061306918056
    alpha_1K: 1.3941605718968636e-05
    k_WmK: 15.0
    nu: 0.3
  substrate:
    E_GPa: 223.27810090978298
    alpha_1K: 1.365227963555843e-05
    k_WmK: 20.0
    nu: 0.3
