thermal_cycle:
  T_min_C: 25.0
  T_max_C: 906.1241150267199
  heating_time_s: 300.0
  cooling_time_s: 300.0
  hold_time_s: 1040.6556799686202
  n_cycles: 10
