materials:
  TGO_Al2O3:
    E_GPa: 414.57602019780074
    alpha_1K: 8.344888636737805e-06
    k_WmK: 6.0
    nu: 0.25
  YSZ:
    E_GPa: 187.69331123350932
    alpha_1K: 9.639090837736142e-06
    k_WmK: 2.0
    nu: 0.23
  bondcoat:
    E_GPa: 162.89616566196096
    alpha_1K: 1.4400403749369039e-05
    k_WmK: 15.0
    nu: 0.3
  substrate:
    E_GPa: 232.0171438998079
    alpha_1K: 1.1694130718154635e-05
    k_WmK: 20.0
    nu: 0.3
