thermal_cycle:
  T_min_C: 25.0
  T_max_C: 729.3976475271257
  heating_time_s: 300.0
  cooling_time_s: 300.0
  hold_time_s: 1011.2102911883196
  n_cycles: 10
