materials:
  TGO_Al2O3:
    E_GPa: 295.59688898663825
    alpha_1K: 7.728699602958938e-06
    k_WmK: 6.0
    nu: 0.25
  YSZ:
    E_GPa: 236.4795163503555
    alpha_1K: 9.89730952504599e-06
    k_WmK: 2.0
    nu: 0.23
  bondcoat:
    E_GPa: 182.4744966508768
    alpha_1K: 1.6270350078896043e-05
    k_WmK: 15.0
    nu: 0.3
  substrate:
    E_GPa: 224.70791883549643
    alpha_1K: 1.519987184513467e-05
    k_WmK: 20.0
    nu: 0.3
