materials:
  TGO_Al2O3:
    E_GPa: 306.14580510685283
    alpha_1K: 7.059880378312789e-06
    k_WmK: 6.0
    nu: 0.25
  YSZ:
    E_GPa: 169.44464820765083
    alpha_1K: 1.1005797701146681e-05
    k_WmK: 2.0
    nu: 0.23
  bondcoat:
    E_GPa: 174.03251632978578
    alpha_1K: 1.4692071520489153e-05
    k_WmK: 15.0
    nu: 0.3
  substrate:
    E_GPa: 175.55876792874167
    alpha_1K: 1.2297281812563383e-05
    k_WmK: 20.0
    nu: 0.3
