materials:
  TGO_Al2O3:
    E_GPa: 368.19694400480626
    alpha_1K: 7.241524163390531e-06
    k_WmK: 6.0
    nu: 0.25
  YSZ:
    E_GPa: 175.41093063788236
    alpha_1K: 9.353207020314049e-06
    k_WmK: 2.0
    nu: 0.23
  bondcoat:
    E_GPa: 182.27634689906424
    alpha_1K: 1.4137260911954294e-05
    k_WmK: 15.0
    nu: 0.3
  substrate:
    E_GPa: 209.9732173969393
    alpha_1K: 1.2635937345853134e-05
    k_WmK: 20.0
    nu: 0.3
