materials:
  TGO_Al2O3:
    E_GPa: 332.3605728558863
    alpha_1K: 8.821907262686191e-06
    k_WmK: 6.0
    nu: 0.25
  YSZ:
    E_GPa: 209.39827426151658
    alpha_1K: 1.1486003260206846e-05
    k_WmK: 2.0
    nu: 0.23
  bondcoat:
    E_GPa: 198.30195112094447
    alpha_1K: 1.285243948449441e-05
    k_WmK: 15.0
    nu: 0.3
  substrate:
    E_GPa: 216.87797972020095
    alpha_1K: 1.2330050313345957e-05
    k_WmK: 20.0
    nu: 0.3
