materials:
  TGO_Al2O3:
    E_GPa: 325.90967682249254
    alpha_1K: 8.037536865188452e-06
    k_WmK: 6.0
    nu: 0.25
  YSZ:
    E_GPa: 221.22124713971183
    alpha_1K: 1.0049420155355675e-05
    k_WmK: 2.0
    nu: 0.23
  bondcoat:
    E_GPa: 206.63851098045237
    alpha_1K: 1.1838734801874445e-05
    k_WmK: 15.0
    nu: 0.3
  substrate:
    E_GPa: 168.85806045888393
    alpha_1K: 1.1379683265329765e-05
    k_WmK: 20.0
    nu: 0.3
