thermal_cycle:
  T_min_C: 25.0
  T_max_C: 872.2473173277797
  heating_time_s: 300.0
  cooling_time_s: 300.0
  hold_time_s: 1096.1205751791936
  n_cycles: 10
