materials:
  TGO_Al2O3:
    E_GPa: 362.42013788249875
    alpha_1K: 7.325164128799053e-06
    k_WmK: 6.0
    nu: 0.25
  YSZ:
    E_GPa: 163.81795676117346
    alpha_1K: 8.885401324911011e-06
    k_WmK: 2.0
    nu: 0.23
  bondcoat:
    E_GPa: 149.34971040732125
    alpha_1K: 1.2556699080310289e-05
    k_WmK: 15.0
    nu: 0.3
  substrate:
    E_GPa: 203.6706078652584
    alpha_1K: 1.284888374349151e-05
    k_WmK: 20.0
    nu: 0.3
