thermal_cycle:
  T_min_C: 25.0
  T_max_C: 1015.7485051147421
  heating_time_s: 300.0
  cooling_time_s: 300.0
  hold_time_s: 448.14671250772847
  n_cycles: 10
