thermal_cycle:
  T_min_C: 25.0
  T_max_C: 955.3440740843773
  heating_time_s: 300.0
  cooling_time_s: 300.0
  hold_time_s: 430.4837340195637
  n_cycles: 10
