materials:
  TGO_Al2O3:
    E_GPa: 408.18529109411134
    alpha_1K: 6.701410942969174e-06
    k_WmK: 6.0
    nu: 0.25
  YSZ:
    E_GPa: 186.48539946724676
    alpha_1K: 1.017714067833082e-05
    k_WmK: 2.0
    nu: 0.23
  bondcoat:
    E_GPa: 165.09066201744707
    alpha_1K: 1.2032185486528526e-05
    k_WmK: 15.0
    nu: 0.3
  substrate:
    E_GPa: 190.25899662574184
    alpha_1K: 1.4628263892898539e-05
    k_WmK: 20.0
    nu: 0.3
