thermal_cycle:
  T_min_C: 25.0
  T_max_C: 806.9143599449277
  heating_time_s: 300.0
  cooling_time_s: 300.0
  hold_time_s: 530.3134510604962
  n_cycles: 10
