materials:
  TGO_Al2O3:
    E_GPa: 353.4756795688485
    alpha_1K: 6.864766208184445e-06
    k_WmK: 6.0
    nu: 0.25
  YSZ:
    E_GPa: 194.40260354368385
    alpha_1K: 8.207899956951156e-06
    k_WmK: 2.0
    nu: 0.23
  bondcoat:
    E_GPa: 190.57003793030663
    alpha_1K: 1.5864012619519026e-05
    k_WmK: 15.0
    nu: 0.3
  substrate:
    E_GPa: 177.30751601762236
    alpha_1K: 1.2703972522251991e-05
    k_WmK: 20.0
    nu: 0.3
