materials:
  TGO_Al2O3:
    E_GPa: 373.7629312661205
    alpha_1K: 7.489049919552548e-06
    k_WmK: 6.0
    nu: 0.25
  YSZ:
    E_GPa: 217.8417203175316
    alpha_1K: 8.5547775167372e-06
    k_WmK: 2.0
    nu: 0.23
  bondcoat:
    E_GPa: 212.17228574964264
    alpha_1K: 1.3339526836302532e-05
    k_WmK: 15.0
    nu: 0.3
  substrate:
    E_GPa: 214.1136210057777
    alpha_1K: 1.3939255856919972e-05
    k_WmK: 20.0
    nu: 0.3
