thermal_cycle:
  T_min_C: 25.0
  T_max_C: 1094.9781282155022
  heating_time_s: 300.0
  cooling_time_s: 300.0
  hold_time_s: 1145.1895084691957
  n_cycles: 10
