materials:
  TGO_Al2O3:
    E_GPa: 396.18528991737816
    alpha_1K: 8.64835109273328e-06
    k_WmK: 6.0
    nu: 0.25
  YSZ:
    E_GPa: 176.40909922690483
    alpha_1K: 8.714713826585576e-06
    k_WmK: 2.0
    nu: 0.23
  bondcoat:
    E_GPa: 175.4185816641731
    alpha_1K: 1.3502531196683703e-05
    k_WmK: 15.0
    nu: 0.3
  substrate:
    E_GPa: 160.70003162668795
    alpha_1K: 1.3020466626307097e-05
    k_WmK: 20.0
    nu: 0.3
