materials:
  TGO_Al2O3:
    E_GPa: 292.971458095793
    alpha_1K: 7.461693573549253e-06
    k_WmK: 6.0
    nu: 0.25
  YSZ:
    E_GPa: 210.88911049194144
    alpha_1K: 1.0928073830450003e-05
    k_WmK: 2.0
    nu: 0.23
  bondcoat:
    E_GPa: 186.2930227083109
    alpha_1K: 1.5196409033703135e-05
    k_WmK: 15.0
    nu: 0.3
  substrate:
    E_GPa: 200.20169299925047
    alpha_1K: 1.0454652911770173e-05
    k_WmK: 20.0
    nu: 0.3
