thermal_cycle:
  T_min_C: 25.0
  T_max_C: 1048.185181463129
  heating_time_s: 300.0
  cooling_time_s: 300.0
  hold_time_s: 485.76789494491106
  n_cycles: 10
