materials:
  TGO_Al2O3:
    E_GPa: 329.7649233941102
    alpha_1K: 9.58934137446838e-06
    k_WmK: 6.0
    nu: 0.25
  YSZ:
    E_GPa: 199.94035979519836
    alpha_1K: 1.1353639705699912e-05
    k_WmK: 2.0
    nu: 0.23
  bondcoat:
    E_GPa: 179.3508525444308
    alpha_1K: 1.161617818830859e-05
    k_WmK: 15.0
    nu: 0.3
  substrate:
    E_GPa: 212.64752669500658
    alpha_1K: 1.538887810669616e-05
    k_WmK: 20.0
    nu: 0.3
