thermal_cycle:
  T_min_C: 25.0
  T_max_C: 845.4938640398251
  heating_time_s: 300.0
  cooling_time_s: 300.0
  hold_time_s: 768.8452705465314
  n_cycles: 10
